676580427
664051792
676984130
664019435
664401236
664427865
676983625
660325841
660702341
660576913
676893264
660508139
664647021
676950748
676471028
676423189
660342671
660765319
664130597
664754216
660340965
664684597
664375082
664284756
660527139
660384679
676812937
660563207
676214538
660039275
664578603
664524980
660918463
660129876
660532749
676479106
676180392
676524891
676018965
664463029
676502736
664932516
664984637
664549802
660062384
676281053
660564873
660235874
660876953
676593240
664538792
664694203
664189257
664109365
664790461
676367458
664876403
664540237
660692318
664279518
660796520
660379068
676073641
676425986
660163249
676798241
664471823
676843710
664063781
660190587
